80 80 -100 100 -100 100 0.1
800 800 -100 100 -100 100 0.1
800 800 -1000 1000 -1000 1000 0.1
8000 8000 -100 100 -100 100 0.1
8000 8000 -1000 1000 -1000 1000 0.1
80 80 -100 100 -100 100 0.2
800 800 -100 100 -100 100 0.2
800 800 -1000 1000 -1000 1000 0.2
8000 8000 -100 100 -100 100 0.2
8000 8000 -1000 1000 -1000 1000 0.2
80 80 -100 100 -100 100 0.3
800 800 -100 100 -100 100 0.3
800 800 -1000 1000 -1000 1000 0.3
8000 8000 -100 100 -100 100 0.3
8000 8000 -1000 1000 -1000 1000 0.3
80 80 -100 100 -100 100 0.4
800 800 -100 100 -100 100 0.4
800 800 -1000 1000 -1000 1000 0.4
8000 8000 -100 100 -100 100 0.4
8000 8000 -1000 1000 -1000 1000 0.4
80 80 -100 100 -100 100 0.5
800 800 -100 100 -100 100 0.5
800 800 -1000 1000 -1000 1000 0.5
8000 8000 -100 100 -100 100 0.5
8000 8000 -1000 1000 -1000 1000 0.5
80 80 -100 100 -100 100 0.6
800 800 -100 100 -100 100 0.6
800 800 -1000 1000 -1000 1000 0.6
8000 8000 -100 100 -100 100 0.6
8000 8000 -1000 1000 -1000 1000 0.6




